param N := 77;

param m := 254;

param d:=
1	10
2	1
3	3
4	3
5	1
6	1
7	1
8	1
9	1
10	1
11	1
12	36
13	2
14	1
15	1
16	1
17	9
18	7
19	7
20	7
21	7
22	7
23	7
24	15
25	11
26	16
27	11
28	17
29	4
30	8
31	2
32	4
33	1
34	2
35	6
36	6
37	6
38	6
39	6
40	3
41	1
42	11
43	3
44	3
45	2
46	1
47	1
48	2
49	22
50	7
51	2
52	7
53	2
54	1
55	4
56	19
57	2
58	11
59	15
60	11
61	9
62	11
63	13
64	12
65	13
66	12
67	10
68	1
69	10
70	10
71	10
72	9
73	3
74	2
75	2
76	7
77	7
;

param: VV: a :=
1	2	1
1	3	1
1	4	1
1	5	1
1	6	1
1	7	1
1	8	1
1	9	1
1	10	1
1	12	1
3	4	1
3	12	1
4	12	1
11	12	1
12	13	1
12	14	1
12	15	1
12	16	1
12	24	1
12	25	1
12	26	1
12	27	1
12	28	1
12	29	1
12	30	1
12	32	1
12	33	1
12	34	1
12	35	1
12	36	1
12	37	1
12	38	1
12	39	1
12	44	1
12	45	1
12	49	1
12	50	1
12	52	1
12	56	1
12	59	1
12	65	1
12	69	1
12	70	1
12	71	1
12	72	1
12	73	1
13	24	1
17	18	1
17	19	1
17	20	1
17	21	1
17	22	1
17	23	1
17	24	1
17	27	1
17	56	1
18	19	1
18	20	1
18	21	1
18	22	1
18	23	1
18	24	1
19	20	1
19	21	1
19	22	1
19	23	1
19	24	1
20	21	1
20	22	1
20	23	1
20	24	1
21	22	1
21	23	1
21	24	1
22	23	1
22	24	1
23	24	1
24	25	1
24	26	1
24	28	1
24	30	1
24	31	1
24	32	1
25	26	1
25	27	1
25	28	1
25	42	1
25	43	1
25	51	1
25	69	1
25	70	1
25	71	1
26	27	1
26	28	1
26	40	1
26	41	1
26	42	1
26	43	1
26	49	1
26	56	1
26	69	1
26	70	1
26	71	1
26	72	1
26	76	1
27	28	1
27	44	1
27	50	1
27	52	1
27	55	1
27	56	1
27	73	1
28	29	1
28	30	1
28	32	1
28	34	1
28	44	1
28	49	1
28	59	1
28	69	1
28	70	1
28	71	1
28	72	1
28	73	1
29	45	1
29	46	1
30	35	1
30	36	1
30	37	1
30	38	1
30	39	1
31	32	1
35	36	1
35	37	1
35	38	1
35	39	1
36	37	1
36	38	1
36	39	1
37	38	1
37	39	1
38	39	1
40	53	1
40	56	1
42	43	1
42	56	1
42	58	1
42	63	1
42	69	1
42	70	1
42	71	1
42	72	1
42	76	1
47	48	1
48	49	1
49	56	1
49	58	1
49	59	1
49	60	1
49	61	1
49	62	1
49	63	1
49	64	1
49	65	1
49	66	1
49	67	1
49	69	1
49	70	1
49	72	1
49	74	1
49	75	1
49	76	1
49	77	1
50	51	1
50	52	1
50	55	1
50	56	1
50	57	1
52	53	1
52	54	1
52	55	1
52	56	1
55	56	1
56	57	1
56	58	1
56	59	1
56	60	1
56	62	1
56	63	1
56	64	1
56	65	1
56	66	1
58	59	1
58	60	1
58	62	1
58	63	1
58	64	1
58	65	1
58	66	1
58	68	1
59	60	1
59	61	1
59	62	1
59	63	1
59	64	1
59	65	1
59	66	1
59	67	1
59	71	1
59	77	1
60	61	1
60	62	1
60	63	1
60	64	1
60	65	1
60	66	1
60	67	1
61	62	1
61	63	1
61	64	1
61	65	1
61	66	1
61	67	1
62	63	1
62	64	1
62	65	1
62	66	1
62	67	1
63	64	1
63	65	1
63	66	1
63	67	1
63	77	1
64	65	1
64	66	1
64	67	1
64	77	1
65	66	1
65	67	1
65	77	1
66	67	1
66	77	1
67	77	1
69	70	1
69	71	1
69	72	1
69	76	1
70	71	1
70	72	1
70	76	1
71	72	1
71	76	1
72	76	1
74	75	1
;